# oST version 5.0 parameters


[image]

width
640

height
480

[narrow_stereo]

camera matrix
591.768444 0.000000 306.608469
0.000000 601.056316 277.394428
0.000000 0.000000 1.000000

distortion
0.090388 -0.012063 0.018302 0.005220 0.000000

rectification
1.000000 0.000000 0.000000
0.000000 1.000000 0.000000
0.000000 0.000000 1.000000

projection
617.574981 0.000000 309.740893 0.000000
0.000000 622.674480 284.198595 0.000000
0.000000 0.000000 1.000000 0.000000
