# oST version 5.0 parameters


[image]

width
640

height
480

[narrow_stereo]

camera matrix
648.227652 0.000000 325.995156
0.000000 643.799313 237.972044
0.000000 0.000000 1.000000

distortion
0.081559 -0.159391 0.010664 0.000494 0.000000

rectification
1.000000 0.000000 0.000000
0.000000 1.000000 0.000000
0.000000 0.000000 1.000000

projection
658.688631 0.000000 326.378160 0.000000
0.000000 651.456869 241.630135 0.000000
0.000000 0.000000 1.000000 0.000000
